0.9157051
0.7025844
-0.6689338
0.8218912
-0.5995931
0.8891925
0.8779756
-10
0.8667588
0.8300489
0.8749165
-0.8473841
0.5180158
0.6587366
-0.5904157
0.7882406
0.7117619
0.707683
0.9636317
0.8004772
0.7943589
0.9167248
0.8076152
0.8035363
0.5832776
0.3416049
0.4649906
0.9034685
0.7851815
0.4629512
0.5169961
0.6648549
1.122708
0.7790632
0.7280774
-0.865739
0.4925229
0.8422856
-10
0.6138691
0.4884441
0.5200552
-0.7770237
0.3905513
0.6403818
0.5465679
0.5822579
0.5180158
0.4721286
0.165194
0.3997287
0.2345347
-0.6658747
0.5231144
0.4323596
0.2855205
0.1692729
-0.009177445
0.1060505
0.4191034
0.4894637
0.3507824
0.3222303
0.9666909
0.3130529
0.316112
0.4068668
0.2753234
0.3752555
-0.04792666
0.308974
0.4027879
0.2253573
0.2467713
0.3028557
0.1488786
-0.1631546
0.3854527
0.3518021
-0.0693407
10090
0.05200553
-0.5628833
0.005098581
0.2029235
0.5067989
0.3436444
0.165194
0.129504
0.240653
-0.01631546
0.04282808
0.150918
0.136642
0.04078865
0.05302524
0.06118297
0.2630868
0.04894638
-0.08157729
0.9768881
-0.08259701
-0.0632224
-0.075459
-0.1957855
-0.07138013
-0.03263092
-0.0693407
-0.04690694
-0.1029913
-0.04894638
-0.06526183
-0.02141404
-0.1305237
-0.0316112
-0.150918
-0.09789275
0.1988447
-0.01733517
-0.1244054
-0.0948336
-0.2539093
-0.2080221
-0.09687304
-0.3497626
-0.5486073
-0.5292327
-0.1815095
0.7770237
0.9432375
-0.2732839
-0.04078865
-0.2732839
-0.2141404
-0.2365741
-0.5985734
-0.3059148
-0.5220947
-0.3569007
-0.2885797
-0.3354866
-0.2304559
-0.4211428
-0.1886475
-0.4976215
-0.3334472
-0.5526862
-0.495582
-0.7362351
-0.3324275
0.1070702
0.9656712
-0.7770237
-0.6903479
-0.219239
-0.6699535
0.7739645
-0.6077508
-0.5547256
-0.5333115
0.9167248
-0.7872209
-0.535351
0.9228432
-0.6944267
-0.4986412
-0.4833454
0.1896672
-0.6342635
0.9014291
0.7443928
0.7433731
0.8055757
0.6954464
-0.8463644
0.9014291
-0.761728
-0.5802185
0.1896672
-0.7821223
0.9503754
0.761728
-0.9116262
-0.7505111
-0.7025844
1.036032
1.035012
0.9116262
-0.8667588
-0.9259023
-0.7821223
-1.00544
-0.8351475
-0.9605727
-1.093136
-0.9748486
0.700545
0.8698179
1.386814
-0.894291
